0 1 150
1 2 200
1 3 133
2 4 100
3 5 200
4 6 200
4 7 700
5 8 67
5 9 133
6 8 100
7 10 167
8 9 150
9 11 100
10 11 700
10 12 400
11 15 250
12 13 300
12 16 267
13 14 267
13 17 267
14 15 400
14 19 267
15 22 250
15 36 700
16 17 267
16 27 300
17 18 100
18 19 167
18 23 100
19 20 100
19 23 167
20 21 50
20 24 167
21 22 100
21 25 200
22 26 200
23 29 200
24 25 50
24 30 200
24 31 200
25 26 67
25 32 200
26 34 133
27 28 300
27 40 300
28 29 150
28 41 300
29 30 150
30 31 100
30 42 300
31 32 50
31 37 67
31 38 100
32 33 50
33 34 133
33 37 67
33 39 100
34 35 100
34 44 333
35 36 33
35 44 233
36 45 200
37 38 67
37 39 67
38 39 100
38 42 150
39 44 150
40 46 167
40 41 300
41 42 267
41 47 167
42 43 100
43 44 200
43 48 250
44 45 100
46 47 300
47 48 167
47 49 67